1 0.415000 0.571528 0.262500 0.384722
1 0.701250 0.792014 0.127500 0.232639
1 0.735625 0.956250 0.123750 0.086111
1 0.783750 0.643403 0.042500 0.215972
1 0.724688 0.504514 0.073125 0.121528
1 0.763125 0.375000 0.050000 0.123611
1 0.745313 0.124653 0.103125 0.243750
1 0.655000 0.095139 0.049375 0.188889
1 0.639531 0.559722 0.087188 0.219444
1 0.415000 0.571528 0.262500 0.384722
1 0.701250 0.792014 0.127500 0.232639
1 0.735625 0.956250 0.123750 0.086111
1 0.783750 0.643403 0.042500 0.215972
1 0.724688 0.504514 0.073125 0.121528
1 0.763125 0.375000 0.050000 0.123611
1 0.745313 0.124653 0.103125 0.243750
1 0.655000 0.095139 0.049375 0.188889
1 0.639531 0.559722 0.087188 0.219444
