1 0.486406 0.507292 0.517188 0.985417
1 0.792500 0.488889 0.092500 0.150000
1 0.803594 0.286458 0.033438 0.077083
1 0.804219 0.045486 0.050313 0.089583
1 0.107656 0.425694 0.142813 0.279167
1 0.865313 0.806944 0.160000 0.386111
1 0.974688 0.964236 0.050625 0.071528
1 0.988906 0.846875 0.022187 0.042361
1 0.486406 0.507292 0.517188 0.985417
1 0.792500 0.488889 0.092500 0.150000
1 0.803594 0.286458 0.033438 0.077083
1 0.804219 0.045486 0.050313 0.089583
1 0.107656 0.425694 0.142813 0.279167
1 0.865313 0.806944 0.160000 0.386111
1 0.974688 0.964236 0.050625 0.071528
1 0.988906 0.846875 0.022187 0.042361
