1 0.519062 0.500694 0.603750 0.998611
1 0.879219 0.734722 0.054062 0.083333
1 0.942813 0.845139 0.114375 0.152778
1 0.985781 0.046181 0.028438 0.090972
1 0.957344 0.342708 0.056563 0.065972
1 0.127812 0.337153 0.108125 0.168750
1 0.077188 0.101389 0.153750 0.201389
1 0.519062 0.500694 0.603750 0.998611
1 0.879219 0.734722 0.054062 0.083333
1 0.942813 0.845139 0.114375 0.152778
1 0.985781 0.046181 0.028438 0.090972
1 0.957344 0.342708 0.056563 0.065972
1 0.127812 0.337153 0.108125 0.168750
1 0.077188 0.101389 0.153750 0.201389
