1 0.469363 0.400327 0.533701 0.455882
1 0.864737 0.712010 0.261949 0.565359
1 0.696232 0.938725 0.081189 0.122549
1 0.689798 0.664828 0.094056 0.066585
1 0.469210 0.701185 0.238664 0.157271
1 0.172794 0.813521 0.344975 0.372958
1 0.046109 0.502451 0.091605 0.245098
1 0.100490 0.135212 0.200368 0.269608
1 0.255208 0.086806 0.105392 0.172794
1 0.382353 0.091708 0.074142 0.152369
1 0.469363 0.400327 0.533701 0.455882
1 0.864737 0.712010 0.261949 0.565359
1 0.696232 0.938725 0.081189 0.122549
1 0.689798 0.664828 0.094056 0.066585
1 0.469210 0.701185 0.238664 0.157271
1 0.172794 0.813521 0.344975 0.372958
1 0.046109 0.502451 0.091605 0.245098
1 0.100490 0.135212 0.200368 0.269608
1 0.255208 0.086806 0.105392 0.172794
1 0.382353 0.091708 0.074142 0.152369
