1 0.737344 0.496875 0.525312 0.992361
1 0.037969 0.822222 0.075313 0.208333
1 0.016250 0.474653 0.031875 0.168750
1 0.014844 0.106944 0.029063 0.212500
1 0.132188 0.272569 0.078750 0.165972
1 0.241406 0.761806 0.044687 0.137500
1 0.094531 0.974306 0.070312 0.051389
1 0.737344 0.496875 0.525312 0.992361
1 0.037969 0.822222 0.075313 0.208333
1 0.016250 0.474653 0.031875 0.168750
1 0.014844 0.106944 0.029063 0.212500
1 0.132188 0.272569 0.078750 0.165972
1 0.241406 0.761806 0.044687 0.137500
1 0.094531 0.974306 0.070312 0.051389
