1 0.241094 0.500347 0.284687 0.999306
1 0.435625 0.899306 0.103125 0.201389
1 0.585469 0.937153 0.137187 0.125694
1 0.636563 0.760069 0.067500 0.250694
1 0.025313 0.497222 0.050000 0.356944
1 0.007188 0.192708 0.013750 0.195139
1 0.043281 0.100694 0.035312 0.200000
1 0.069531 0.511458 0.018437 0.117361
1 0.065312 0.311111 0.036875 0.056944
1 0.055625 0.909722 0.084375 0.180556
1 0.241094 0.500347 0.284687 0.999306
1 0.435625 0.899306 0.103125 0.201389
1 0.585469 0.937153 0.137187 0.125694
1 0.636563 0.760069 0.067500 0.250694
1 0.025313 0.497222 0.050000 0.356944
1 0.007188 0.192708 0.013750 0.195139
1 0.043281 0.100694 0.035312 0.200000
1 0.069531 0.511458 0.018437 0.117361
1 0.065312 0.311111 0.036875 0.056944
1 0.055625 0.909722 0.084375 0.180556
