0 0.362305 0.388021 0.055664 0.105903
0 0.328613 0.302517 0.025391 0.054688
0 0.626709 0.330295 0.042480 0.068576
0 0.216797 0.246094 0.016602 0.035590
0 0.261475 0.667535 0.026855 0.055556
0 0.053955 0.463108 0.030762 0.049479
0 0.008789 0.303819 0.016602 0.045139
0 0.038818 0.233507 0.031738 0.065972
0 0.362305 0.388021 0.055664 0.105903
0 0.328613 0.302517 0.025391 0.054688
0 0.626709 0.330295 0.042480 0.068576
0 0.216797 0.246094 0.016602 0.035590
0 0.261475 0.667535 0.026855 0.055556
0 0.053955 0.463108 0.030762 0.049479
0 0.008789 0.303819 0.016602 0.045139
0 0.038818 0.233507 0.031738 0.065972
