0 0.521240 0.553385 0.115723 0.247396
0 0.968750 0.895833 0.062500 0.208333
0 0.103027 0.763889 0.028320 0.048611
0 0.140137 0.856771 0.041992 0.065972
0 0.032227 0.915799 0.046875 0.079861
0 0.302979 0.888021 0.028809 0.064236
0 0.246094 0.579861 0.038086 0.052083
0 0.521240 0.553385 0.115723 0.247396
0 0.968750 0.895833 0.062500 0.208333
0 0.103027 0.763889 0.028320 0.048611
0 0.140137 0.856771 0.041992 0.065972
0 0.032227 0.915799 0.046875 0.079861
0 0.302979 0.888021 0.028809 0.064236
0 0.246094 0.579861 0.038086 0.052083
