0 0.481201 0.455729 0.084473 0.170139
0 0.645996 0.581163 0.045898 0.223090
0 0.585693 0.781250 0.046387 0.149306
0 0.927734 0.907552 0.036133 0.063368
0 0.239014 0.256076 0.090332 0.071181
0 0.221680 0.322049 0.023438 0.026042
0 0.305908 0.315538 0.034668 0.025174
0 0.481201 0.455729 0.084473 0.170139
0 0.645996 0.581163 0.045898 0.223090
0 0.585693 0.781250 0.046387 0.149306
0 0.927734 0.907552 0.036133 0.063368
0 0.239014 0.256076 0.090332 0.071181
0 0.221680 0.322049 0.023438 0.026042
0 0.305908 0.315538 0.034668 0.025174
