0 0.296387 0.454861 0.106445 0.163194
0 0.093262 0.454861 0.070312 0.093750
0 0.516846 0.508247 0.218262 0.223090
0 0.679199 0.699653 0.055664 0.092014
0 0.790283 0.445747 0.041504 0.075521
0 0.821533 0.141493 0.116699 0.281250
0 0.901367 0.865451 0.044922 0.064236
0 0.296387 0.454861 0.106445 0.163194
0 0.093262 0.454861 0.070312 0.093750
0 0.516846 0.508247 0.218262 0.223090
0 0.679199 0.699653 0.055664 0.092014
0 0.790283 0.445747 0.041504 0.075521
0 0.821533 0.141493 0.116699 0.281250
0 0.901367 0.865451 0.044922 0.064236
