0 0.561523 0.507378 0.038086 0.047743
0 0.614746 0.611111 0.055664 0.100694
0 0.738281 0.657118 0.176758 0.213542
0 0.791748 0.443576 0.068848 0.095486
0 0.774414 0.965712 0.079102 0.068576
0 0.625000 0.957031 0.100586 0.085938
0 0.432617 0.819010 0.029297 0.094618
0 0.220947 0.939236 0.061035 0.121528
0 0.064209 0.256944 0.038574 0.050347
0 0.561523 0.507378 0.038086 0.047743
0 0.614746 0.611111 0.055664 0.100694
0 0.738281 0.657118 0.176758 0.213542
0 0.791748 0.443576 0.068848 0.095486
0 0.774414 0.965712 0.079102 0.068576
0 0.625000 0.957031 0.100586 0.085938
0 0.432617 0.819010 0.029297 0.094618
0 0.220947 0.939236 0.061035 0.121528
0 0.064209 0.256944 0.038574 0.050347
