0 0.476562 0.568576 0.113281 0.232639
0 0.454834 0.249132 0.074707 0.170139
0 0.398926 0.338108 0.038086 0.052951
0 0.369629 0.186198 0.017578 0.039062
0 0.370850 0.029514 0.051270 0.057292
0 0.601562 0.500434 0.026367 0.047743
0 0.642334 0.349826 0.026855 0.048611
0 0.171387 0.915365 0.306641 0.169271
0 0.023438 0.532986 0.045898 0.135417
0 0.476562 0.568576 0.113281 0.232639
0 0.454834 0.249132 0.074707 0.170139
0 0.398926 0.338108 0.038086 0.052951
0 0.369629 0.186198 0.017578 0.039062
0 0.370850 0.029514 0.051270 0.057292
0 0.601562 0.500434 0.026367 0.047743
0 0.642334 0.349826 0.026855 0.048611
0 0.171387 0.915365 0.306641 0.169271
0 0.023438 0.532986 0.045898 0.135417
