0 0.476807 0.525174 0.223145 0.112847
0 0.873047 0.220486 0.067383 0.100694
0 0.730469 0.901476 0.066406 0.068576
0 0.593262 0.893663 0.052734 0.070312
0 0.857910 0.536024 0.035156 0.049479
0 0.935059 0.634115 0.040039 0.051215
0 0.668945 0.565538 0.041016 0.030382
0 0.080322 0.680556 0.159668 0.220486
0 0.043213 0.407986 0.070801 0.196181
0 0.121826 0.424913 0.020996 0.030382
0 0.272705 0.175347 0.025879 0.050347
0 0.035645 0.155382 0.025391 0.062500
0 0.476807 0.525174 0.223145 0.112847
0 0.873047 0.220486 0.067383 0.100694
0 0.730469 0.901476 0.066406 0.068576
0 0.593262 0.893663 0.052734 0.070312
0 0.857910 0.536024 0.035156 0.049479
0 0.935059 0.634115 0.040039 0.051215
0 0.668945 0.565538 0.041016 0.030382
0 0.080322 0.680556 0.159668 0.220486
0 0.043213 0.407986 0.070801 0.196181
0 0.121826 0.424913 0.020996 0.030382
0 0.272705 0.175347 0.025879 0.050347
0 0.035645 0.155382 0.025391 0.062500
