0 0.271484 0.740451 0.166992 0.194444
0 0.323486 0.930122 0.101074 0.139757
0 0.626709 0.523438 0.099121 0.152778
0 0.875488 0.690104 0.124023 0.267361
0 0.886963 0.925347 0.055176 0.102431
0 0.794434 0.947483 0.087891 0.105035
0 0.742432 0.855469 0.057129 0.089410
0 0.747803 0.709201 0.020020 0.039931
0 0.271484 0.740451 0.166992 0.194444
0 0.323486 0.930122 0.101074 0.139757
0 0.626709 0.523438 0.099121 0.152778
0 0.875488 0.690104 0.124023 0.267361
0 0.886963 0.925347 0.055176 0.102431
0 0.794434 0.947483 0.087891 0.105035
0 0.742432 0.855469 0.057129 0.089410
0 0.747803 0.709201 0.020020 0.039931
