0 0.482178 0.550347 0.020020 0.039931
0 0.544434 0.561632 0.053711 0.112847
0 0.591797 0.605469 0.029297 0.047743
0 0.624512 0.583767 0.033203 0.072049
0 0.697266 0.519097 0.027344 0.038194
0 0.669922 0.404514 0.026367 0.050347
0 0.874268 0.712674 0.032715 0.090278
0 0.482178 0.550347 0.020020 0.039931
0 0.544434 0.561632 0.053711 0.112847
0 0.591797 0.605469 0.029297 0.047743
0 0.624512 0.583767 0.033203 0.072049
0 0.697266 0.519097 0.027344 0.038194
0 0.669922 0.404514 0.026367 0.050347
0 0.874268 0.712674 0.032715 0.090278
