0 0.484863 0.554688 0.171875 0.282986
0 0.636230 0.309028 0.026367 0.057292
0 0.401367 0.281684 0.033203 0.094618
0 0.363525 0.235243 0.014160 0.024306
0 0.433594 0.756510 0.019531 0.052951
0 0.406250 0.829427 0.024414 0.033854
0 0.198730 0.811632 0.022461 0.059028
0 0.484863 0.554688 0.171875 0.282986
0 0.636230 0.309028 0.026367 0.057292
0 0.401367 0.281684 0.033203 0.094618
0 0.363525 0.235243 0.014160 0.024306
0 0.433594 0.756510 0.019531 0.052951
0 0.406250 0.829427 0.024414 0.033854
0 0.198730 0.811632 0.022461 0.059028
