0 0.658691 0.519531 0.157227 0.195312
0 0.841553 0.777778 0.289551 0.444444
0 0.642334 0.143663 0.348145 0.285590
0 0.418457 0.438368 0.036133 0.105903
0 0.446289 0.686632 0.029297 0.072917
0 0.278320 0.537326 0.056641 0.180556
0 0.224365 0.183160 0.095215 0.130208
0 0.183105 0.038628 0.041016 0.075521
0 0.075439 0.175781 0.149902 0.349826
0 0.145508 0.788194 0.027344 0.067708
0 0.071777 0.649740 0.036133 0.052951
0 0.658691 0.519531 0.157227 0.195312
0 0.841553 0.777778 0.289551 0.444444
0 0.642334 0.143663 0.348145 0.285590
0 0.418457 0.438368 0.036133 0.105903
0 0.446289 0.686632 0.029297 0.072917
0 0.278320 0.537326 0.056641 0.180556
0 0.224365 0.183160 0.095215 0.130208
0 0.183105 0.038628 0.041016 0.075521
0 0.075439 0.175781 0.149902 0.349826
0 0.145508 0.788194 0.027344 0.067708
0 0.071777 0.649740 0.036133 0.052951
