0 0.505127 0.471354 0.181152 0.262153
0 0.428955 0.270399 0.059082 0.077257
0 0.446289 0.055990 0.097656 0.110243
0 0.263184 0.404080 0.097656 0.172743
0 0.403809 0.713976 0.035156 0.075521
0 0.535889 0.618924 0.027832 0.052083
0 0.493652 0.722656 0.016602 0.040799
0 0.919434 0.468316 0.161133 0.335938
0 0.023926 0.250000 0.046875 0.060764
0 0.505127 0.471354 0.181152 0.262153
0 0.428955 0.270399 0.059082 0.077257
0 0.446289 0.055990 0.097656 0.110243
0 0.263184 0.404080 0.097656 0.172743
0 0.403809 0.713976 0.035156 0.075521
0 0.535889 0.618924 0.027832 0.052083
0 0.493652 0.722656 0.016602 0.040799
0 0.919434 0.468316 0.161133 0.335938
0 0.023926 0.250000 0.046875 0.060764
