0 0.459229 0.484375 0.135254 0.270833
0 0.555664 0.079427 0.046875 0.157118
0 0.086182 0.561632 0.057129 0.095486
0 0.022949 0.631510 0.044922 0.061632
0 0.070557 0.389323 0.025879 0.054688
0 0.574707 0.464844 0.034180 0.070312
0 0.258789 0.084635 0.241211 0.167535
0 0.459229 0.484375 0.135254 0.270833
0 0.555664 0.079427 0.046875 0.157118
0 0.086182 0.561632 0.057129 0.095486
0 0.022949 0.631510 0.044922 0.061632
0 0.070557 0.389323 0.025879 0.054688
0 0.574707 0.464844 0.034180 0.070312
0 0.258789 0.084635 0.241211 0.167535
