0 0.544678 0.551215 0.103027 0.197917
0 0.682617 0.402344 0.091797 0.094618
0 0.572998 0.245660 0.093262 0.151042
0 0.646484 0.105903 0.050781 0.074653
0 0.697998 0.221354 0.019043 0.076389
0 0.775391 0.540365 0.075195 0.040799
0 0.828369 0.812066 0.020996 0.040799
0 0.323975 0.888021 0.229980 0.223958
0 0.685059 0.963976 0.067383 0.072049
0 0.544678 0.551215 0.103027 0.197917
0 0.682617 0.402344 0.091797 0.094618
0 0.572998 0.245660 0.093262 0.151042
0 0.646484 0.105903 0.050781 0.074653
0 0.697998 0.221354 0.019043 0.076389
0 0.775391 0.540365 0.075195 0.040799
0 0.828369 0.812066 0.020996 0.040799
0 0.323975 0.888021 0.229980 0.223958
0 0.685059 0.963976 0.067383 0.072049
