0 0.454590 0.542535 0.113281 0.305556
0 0.547363 0.781250 0.063477 0.104167
0 0.516113 0.933160 0.059570 0.133681
0 0.677246 0.977865 0.089844 0.044271
0 0.750732 0.882378 0.053223 0.085938
0 0.884521 0.631076 0.062988 0.105903
0 0.358643 0.245226 0.043457 0.077257
0 0.067871 0.523438 0.048828 0.097222
0 0.151611 0.447917 0.035645 0.057292
0 0.454590 0.542535 0.113281 0.305556
0 0.547363 0.781250 0.063477 0.104167
0 0.516113 0.933160 0.059570 0.133681
0 0.677246 0.977865 0.089844 0.044271
0 0.750732 0.882378 0.053223 0.085938
0 0.884521 0.631076 0.062988 0.105903
0 0.358643 0.245226 0.043457 0.077257
0 0.067871 0.523438 0.048828 0.097222
0 0.151611 0.447917 0.035645 0.057292
